# Range [m]; Height [m]; Real(p) [Pa]; Imag(p) [Pa]
1.267856491298222110e+01;1.813747394384903622e+00;-5.499611954907961467e-04;1.032155213536701437e-03
1.268040680096642348e+01;2.819587391369092089e+00;-5.908981108945664988e-04;2.669646596327251813e-03
1.266749840654166093e+01;3.794947417684254809e+00;1.053926030136468793e-03;2.264450803224577445e-03
1.264396847297706650e+01;4.801856937350359900e+00;7.456147161617844099e-04;4.050146326052664922e-04
1.265179347640018648e+01;5.806627447556636845e+00;-3.683907557170051027e-04;1.170620456606325920e-03
1.266356770512495267e+01;6.812467425588868863e+00;1.919227515433782590e-03;1.470754341681259356e-03
1.264792490531920421e+01;7.818307455797633310e+00;1.811934061211545668e-03;-1.779997148661999770e-03
1.261593837851242661e+01;8.793667518706223873e+00;-1.278010517196952580e-03;-1.210652212686660813e-03
1.263107608441823793e+01;9.799507488457862792e+00;-6.151086633816275776e-04;5.078925960964619270e-04
1.265916314588521985e+01;1.080534743340763448e+01;-3.299430874706755275e-04;5.577505321567241547e-04
1.267962880027388195e+01;1.181118739345053292e+01;1.178325455410101155e-03;6.483292622234778551e-04
1.267276392625524295e+01;1.281702740560169573e+01;1.255074424635397820e-04;-1.875470765667494209e-03
1.265647757865287204e+01;1.382286743853642186e+01;-1.810170039932190418e-03;1.199051743511263431e-03
1.266753434890471652e+01;1.479822741704723654e+01;2.086218112144375310e-03;5.238364171806478460e-04
1.268793391909349388e+01;1.580406737524145910e+01;-1.323674785672038440e-03;-1.433479109522734938e-03
1.267598995932915606e+01;1.680990740053384513e+01;2.807667795078710679e-04;1.789353032701499532e-03
1.267603835601089202e+01;1.781654253101928020e+01;6.469482372489644521e-04;-1.476757005479228382e-03
1.266624017239160338e+01;1.882158741850603434e+01;-1.125500789339174733e-03;7.121203520057604831e-04
1.266238649765537083e+01;1.979694742751377490e+01;1.025367845132100922e-03;-2.537166506176426282e-04
1.266644008999952220e+01;2.080278741997781111e+01;-8.607187668757014043e-04;-1.112934131643093718e-05
1.268467323538745184e+01;2.180862738296475811e+01;6.097570777463713490e-04;2.844010578564879280e-04
1.266764631981554956e+01;2.281446741532439759e+01;-2.881184836663284185e-04;-4.405058610966027660e-04
1.266471418372144342e+01;2.382030742296802472e+01;2.187187645344483184e-05;3.608085810997561016e-04
1.265076318226597607e+01;2.479566745071705469e+01;1.756355332970392549e-04;-2.469788733290987823e-04
1.266293656622340791e+01;2.580150742468024561e+01;-2.747214966121409646e-04;7.774757481633111627e-05
1.267101327763236540e+01;2.680734741121607811e+01;3.522901855028803667e-04;3.941338282694608459e-05
1.267230847456525744e+01;2.781318740749954088e+01;-4.134603192705584929e-04;-1.469190774682054283e-04
1.267519878735868311e+01;2.881902740188005296e+01;3.748099767052823347e-04;3.041233272180796196e-04
1.266781419294695255e+01;2.979438741621902054e+01;-2.259592305909384024e-04;-5.174175910405304788e-04
1.267225052614132785e+01;3.080022740648890078e+01;2.327115269666645068e-04;5.394062262147915603e-04
1.267386800900466781e+01;3.180606740422941314e+01;-2.644208962943160753e-04;-5.708805136431016397e-04
1.266965205583276877e+01;3.281190741236808606e+01;2.389163523625863889e-04;6.276597478063970217e-04
1.266973315703911496e+01;3.381774741212299062e+01;-1.984214625813553580e-04;-6.888170482927352505e-04
1.266881204497519242e+01;3.482358741534455504e+01;1.594918736726816399e-04;7.413050552201475105e-04
1.266594784593599776e+01;3.579894742080418979e+01;-7.753699995144347696e-05;-7.534938907156967739e-04
1.266670282209268095e+01;3.680478741941253418e+01;1.105219243096225283e-04;7.321876755203772947e-04
1.268393018964010643e+01;3.781062738447783289e+01;4.569636991412863637e-05;-7.269526181382641008e-04
1.266906393134579645e+01;3.881646741333258177e+01;3.723260737971542997e-05;7.369980461649060927e-04
1.266324009091522562e+01;3.982230742595221784e+01;-6.426546151781775944e-05;-7.453360601410823072e-04
1.266221796275205591e+01;4.079766742772672217e+01;-2.661605326763414307e-05;7.333499965547803220e-04
1.268392704782544911e+01;4.180350738508727915e+01;-2.568504037689823828e-05;-7.477703964907521546e-04
1.267718088447189650e+01;4.280934739716772697e+01;1.543813337731442801e-04;7.502129985434446459e-04
1.265550872181544051e+01;4.381518744068404203e+01;-1.012668752758033765e-04;-7.306621247423797068e-04
1.267596879938079013e+01;4.482102740048297562e+01;1.171618490871147579e-04;6.860745164274614002e-04
1.267366247889312092e+01;4.579638740388469387e+01;-2.947340296749076057e-04;-6.570615838101034672e-04
1.267118672939369084e+01;4.680222740953069405e+01;2.482561350675032189e-04;6.903567872286925410e-04
1.268753641728121906e+01;4.780806737713852783e+01;-3.370001710359374803e-04;-6.308717109148153767e-04
1.268862758509254185e+01;4.881390737469612162e+01;4.566720202453854812e-04;5.742367285627897376e-04
1.266555790165756079e+01;4.969782742092836969e+01;-2.779935835742197432e-04;-6.942231226051596375e-04
1.966595973209388859e+01;1.813729671311218539e+00;-3.007461777342971252e-04;1.989475672622118582e-04
1.968962826265476096e+01;2.819569598391142407e+00;-5.229136447411940943e-04;-7.485762250763004083e-04
1.971623651814066847e+01;3.795989690642412207e+00;-1.566347600479570416e-03;-5.912896860131413093e-04
1.970168680912799530e+01;4.800769560924267765e+00;-1.932597633393833350e-03;3.383886724519783373e-04
1.966209793913503745e+01;5.806609683595689297e+00;-1.286683305766127966e-03;1.163281491799230414e-03
1.964453286545071364e+01;6.812449739244343050e+00;-4.195750553426080668e-05;1.077890641387043921e-03
1.965343952707050335e+01;7.818289710570633488e+00;1.523867742459417607e-04;2.572510472115280430e-04
1.969466441449925753e+01;8.793649583656669932e+00;-2.184876674224603269e-04;5.814454687469443502e-04
1.968577207836097642e+01;9.799489611981204717e+00;9.769686696031293881e-04;8.697604924526219959e-04
1.969810526178581256e+01;1.080532957283232065e+01;1.106944475915557728e-03;-1.212826044210292076e-03
1.968443222225105771e+01;1.181197172019555985e+01;-1.118998366799916350e-03;-1.176187973994004569e-03
1.967457561828623369e+01;1.281780477592183587e+01;-9.891167578808684763e-04;1.021704807140498984e-03
1.970793748026292747e+01;1.382284954263611887e+01;9.111530992579801400e-04;5.464794777733336965e-04
1.968923206685308713e+01;1.479820959938204439e+01;3.197781480572652328e-04;-6.194869903407268898e-04
1.968435393418356583e+01;1.580563987611496657e+01;-2.200335953754906202e-04;-2.195404222846967959e-04
1.969601499876266004e+01;1.680988957898513902e+01;-3.678635495220834478e-04;9.600958892508038950e-06
1.968443538371522195e+01;1.781572961510386222e+01;1.837071264943771759e-05;7.622288240752137694e-04
1.969978229924668867e+01;1.882156956727540731e+01;8.193425162914270673e-04;-4.775365578656839624e-04
1.972270857826410051e+01;1.979692949795024859e+01;-1.004688973991138719e-03;-5.342455466421804468e-04
1.969918499884247254e+01;2.080276956916797104e+01;3.303290993240234810e-04;1.278643179430548425e-03
1.969062560053346544e+01;2.180860959652801156e+01;7.313084713660219106e-04;-1.223035429169557452e-03
1.969206853047354500e+01;2.281444959141368045e+01;-1.312591222296108058e-03;5.888055614603713303e-04
1.969584773998981930e+01;2.382028958050927159e+01;1.370108690461423803e-03;2.688450005639429134e-04
1.969976491979260658e+01;2.479564956859832847e+01;-9.259597925488043243e-04;-9.995246798954675153e-04
1.969561971319789961e+01;2.580148958160564021e+01;2.462204024955849950e-04;1.233013079046899703e-03
1.969754971433082957e+01;2.680732957552976714e+01;3.253724888086745684e-04;-1.099393791557949770e-03
1.970165659135587788e+01;2.781316956355552961e+01;-7.895721929717221471e-04;6.677080108913942703e-04
1.971814942830522810e+01;2.881900951023285984e+01;8.809609213312110526e-04;-2.729025479049383219e-04
1.971287502003988479e+01;2.979436952882477030e+01;-7.972502419529326227e-04;-5.747909221242647270e-05
1.970427496113997634e+01;3.080020955402623883e+01;6.588111743402094017e-04;2.739906992380147636e-04
1.969585604326824324e+01;3.180604958022596307e+01;-3.636097779782894099e-04;-4.880404050615705174e-04
1.968632053116372660e+01;3.281188960809934230e+01;2.206570295510902515e-04;4.566448227046075920e-04
1.970538221211914021e+01;3.381772955082072230e+01;-4.058173009875076711e-05;-4.181095382682316407e-04
1.970690101953617912e+01;3.482356954582589736e+01;-1.266994885792340647e-04;3.155510638082171886e-04
1.968088958109235520e+01;3.579892962561682168e+01;1.815043109235374614e-04;-2.154586951203882209e-04
1.968008985809385081e+01;3.680476962890254811e+01;-1.961923122387932870e-04;8.756730885858204450e-05
1.968906476534541738e+01;3.781060960051062381e+01;1.536166941632978618e-04;4.794616151425067440e-07
1.968103289213474838e+01;3.881644962583209235e+01;-1.149080564822040372e-04;-5.041580233487071976e-05
1.965857986869560392e+01;3.982228969485314707e+01;6.060531971742308876e-05;1.175858558610473365e-04
1.969116340683655864e+01;4.079764959486222864e+01;-3.472831015413857312e-06;-1.710750211484476826e-04
1.969426266574768647e+01;4.180348958540363213e+01;-4.894028389016448477e-05;2.132754063988257453e-04
1.968670014575684490e+01;4.280932960905748530e+01;1.056850309294479290e-04;-2.580338709772082308e-04
1.967774646187118393e+01;4.381516963561479372e+01;-1.868830310199759144e-04;2.562739386879438392e-04
1.971942616377696567e+01;4.482100950783731719e+01;2.589169303898481572e-04;-2.152784520971652408e-04
1.970294499444856484e+01;4.579636955782929419e+01;-3.089502565240869673e-04;1.304941328942095134e-04
1.970333493146827664e+01;4.680220955787755344e+01;3.528797710179346178e-04;-5.972973537805233336e-05
1.969407856707067594e+01;4.780804958578632835e+01;-3.609429273715104229e-04;5.816607348824144407e-05
1.970436031047188408e+01;4.881469165997622639e+01;4.477458876702439944e-04;2.341342361601135306e-05
1.968749517058775922e+01;4.971839350194390761e+01;-4.304170745009183968e-04;-1.310759002155469709e-05
