# Height [m];Temperature [K];Wind Speed [m/s];Relative Humidity [%]
0.000000000000000000e+00;2.850833333333332575e+02;0.000000000000000000e+00;6.991666666666667140e+01
1.004016064257028107e-01;2.850816599732261807e+02;5.309208190775192016e-01;6.992085006693440619e+01
2.008032128514056214e-01;2.850799866131190470e+02;7.372110892759937695e-01;6.992503346720214097e+01
3.012048192771084043e-01;2.850783132530119701e+02;8.677069796571230675e-01;6.992921686746988996e+01
4.016064257028112428e-01;2.850766398929048933e+02;9.633743507777414727e-01;6.993340026773762474e+01
5.020080321285140812e-01;2.850749665327977596e+02;1.038940922070543671e+00;6.993758366800535953e+01
6.024096385542168086e-01;2.850732931726906827e+02;1.101404229584640238e+00;6.994176706827309431e+01
7.028112449799196471e-01;2.850716198125836058e+02;1.154643963164881271e+00;6.994595046854082909e+01
8.032128514056224855e-01;2.850699464524764721e+02;1.201036878172262679e+00;6.995013386880857809e+01
9.036144578313253239e-01;2.850682730923693953e+02;1.242145036634206168e+00;6.995431726907631287e+01
1.004016064257028162e+00;2.850665997322623184e+02;1.279050256711868894e+00;6.995850066934404765e+01
1.104417670682730890e+00;2.850649263721551847e+02;1.312532803246691415e+00;6.996268406961178243e+01
1.204819277108433617e+00;2.850632530120481078e+02;1.343173996613967747e+00;6.996686746987951722e+01
1.305220883534136345e+00;2.850615796519410310e+02;1.371418579707543772e+00;6.997105087014726621e+01
1.405622489959839294e+00;2.850599062918339541e+02;1.397614411992061711e+00;6.997523427041500099e+01
1.506024096385542244e+00;2.850582329317268204e+02;1.422038714720645247e+00;6.997941767068273577e+01
1.606425702811244971e+00;2.850565595716197436e+02;1.444915989962773484e+00;6.998360107095047056e+01
1.706827309236947698e+00;2.850548862115126667e+02;1.466430594938613163e+00;6.998778447121820534e+01
1.807228915662650648e+00;2.850532128514055330e+02;1.486735777427797833e+00;6.999196787148595433e+01
1.907630522088353597e+00;2.850515394912984561e+02;1.505960304023726826e+00;6.999615127175368912e+01
2.008032128514056325e+00;2.850498661311913793e+02;1.524213412016185432e+00;7.000033467202142390e+01
2.108433734939759052e+00;2.850481927710842456e+02;1.541588569270720743e+00;7.000451807228915868e+01
2.208835341365461780e+00;2.850465194109771687e+02;1.558166370669503920e+00;7.000870147255689346e+01
2.309236947791164507e+00;2.850448460508700919e+02;1.574016798642990933e+00;7.001288487282464246e+01
2.409638554216867234e+00;2.850431726907629582e+02;1.589201008304401919e+00;7.001706827309237724e+01
2.510040160642570406e+00;2.850414993306558813e+02;1.603772752333209484e+00;7.002125167336011202e+01
2.610441767068273133e+00;2.850398259705488044e+02;1.617779529474569378e+00;7.002543507362784680e+01
2.710843373493975861e+00;2.850381526104416707e+02;1.631263518591490325e+00;7.002961847389558159e+01
2.811244979919678588e+00;2.850364792503345939e+02;1.644262344594745517e+00;7.003380187416333058e+01
2.911646586345381316e+00;2.850348058902275170e+02;1.656809711305128108e+00;7.003798527443106536e+01
3.012048192771084487e+00;2.850331325301203833e+02;1.668935928060947704e+00;7.004216867469880015e+01
3.112449799196787215e+00;2.850314591700133064e+02;1.680668350784736864e+00;7.004635207496653493e+01
3.212851405622489942e+00;2.850297858099062296e+02;1.692031753659879234e+00;7.005053547523426971e+01
3.313253012048192669e+00;2.850281124497990959e+02;1.703048644118536847e+00;7.005471887550201870e+01
3.413654618473895397e+00;2.850264390896920190e+02;1.713739531209985678e+00;7.005890227576975349e+01
3.514056224899598568e+00;2.850247657295849422e+02;1.724123155391746209e+00;7.006308567603748827e+01
3.614457831325301296e+00;2.850230923694778653e+02;1.734216686212407987e+00;7.006726907630522305e+01
3.714859437751004023e+00;2.850214190093707316e+02;1.744035893123831560e+00;7.007145247657295783e+01
3.815261044176706751e+00;2.850197456492636547e+02;1.753595293689935497e+00;7.007563587684070683e+01
3.915662650602409478e+00;2.850180722891565779e+02;1.762908282689027883e+00;7.007981927710844161e+01
4.016064257028112650e+00;2.850163989290494442e+02;1.771987244991288124e+00;7.008400267737617639e+01
4.116465863453814933e+00;2.850147255689423673e+02;1.780843654598379233e+00;7.008818607764391118e+01
4.216867469879518104e+00;2.850130522088352905e+02;1.789488161832266666e+00;7.009236947791164596e+01
4.317269076305221276e+00;2.850113788487281568e+02;1.797930670335178949e+00;7.009655287817939495e+01
4.417670682730923559e+00;2.850097054886210799e+02;1.806180405276948120e+00;7.010073627844712973e+01
4.518072289156625843e+00;2.850080321285140030e+02;1.814245973947704593e+00;7.010491967871486452e+01
4.618473895582329014e+00;2.850063587684068693e+02;1.822135419733805994e+00;7.010910307898259930e+01
4.718875502008032186e+00;2.850046854082997925e+02;1.829856270325565415e+00;7.011328647925033408e+01
4.819277108433734469e+00;2.850030120481927156e+02;1.837415580881041066e+00;7.011746987951808308e+01
4.919678714859437640e+00;2.850013386880855819e+02;1.844819972766211125e+00;7.012165327978581786e+01
5.020080321285140812e+00;2.849996653279785050e+02;1.852075668404657982e+00;7.012583668005355264e+01
5.120481927710843095e+00;2.849979919678714282e+02;1.859188522696382240e+00;7.013002008032128742e+01
5.220883534136546267e+00;2.849963186077642945e+02;1.866164051403246482e+00;7.013420348058902221e+01
5.321285140562249438e+00;2.849946452476572176e+02;1.873007456845839247e+00;7.013838688085677120e+01
5.421686746987951722e+00;2.849929718875501408e+02;1.879723651211664404e+00;7.014257028112450598e+01
5.522088353413654005e+00;2.849912985274430071e+02;1.886317277736255793e+00;7.014675368139224076e+01
5.622489959839357176e+00;2.849896251673359302e+02;1.892792729985980804e+00;7.015093708165997555e+01
5.722891566265060348e+00;2.849879518072288533e+02;1.899154169443102003e+00;7.015512048192771033e+01
5.823293172690762631e+00;2.849862784471217765e+02;1.905405541569372252e+00;7.015930388219545932e+01
5.923694779116465803e+00;2.849846050870146428e+02;1.911550590503441116e+00;7.016348728246319411e+01
6.024096385542168974e+00;2.849829317269075659e+02;1.917592872529178871e+00;7.016767068273092889e+01
6.124497991967871258e+00;2.849812583668004891e+02;1.923535768436227977e+00;7.017185408299866367e+01
6.224899598393574429e+00;2.849795850066933554e+02;1.929382494880355070e+00;7.017603748326639845e+01
6.325301204819277601e+00;2.849779116465862785e+02;1.935136114839180133e+00;7.018022088353414745e+01
6.425702811244979884e+00;2.849762382864792016e+02;1.940799547248368562e+00;7.018440428380188223e+01
6.526104417670682167e+00;2.849745649263720679e+02;1.946375575894186749e+00;7.018858768406961701e+01
6.626506024096385339e+00;2.849728915662649911e+02;1.951866857630237373e+00;7.019277108433735179e+01
6.726907630522088510e+00;2.849712182061579142e+02;1.957275929979082729e+00;7.019695448460508658e+01
6.827309236947790794e+00;2.849695448460507805e+02;1.962605218173211430e+00;7.020113788487283557e+01
6.927710843373493965e+00;2.849678714859437036e+02;1.967857041684234476e+00;7.020532128514057035e+01
7.028112449799197137e+00;2.849661981258366268e+02;1.973033620284318612e+00;7.020950468540830514e+01
7.128514056224899420e+00;2.849645247657294931e+02;1.978137079679501031e+00;7.021368808567603992e+01
7.228915662650602592e+00;2.849628514056224162e+02;1.983169456750666360e+00;7.021787148594377470e+01
7.329317269076305763e+00;2.849611780455153394e+02;1.988132704434524500e+00;7.022205488621152369e+01
7.429718875502008046e+00;2.849595046854082057e+02;1.993028696273862144e+00;7.022623828647925848e+01
7.530120481927710330e+00;2.849578313253011288e+02;1.997859230663600494e+00;7.023042168674699326e+01
7.630522088353413501e+00;2.849561579651940519e+02;2.002626034816738620e+00;7.023460508701472804e+01
7.730923694779116673e+00;2.849544846050869182e+02;2.007330768472075366e+00;7.023878848728246282e+01
7.831325301204818956e+00;2.849528112449798414e+02;2.011975027363615443e+00;7.024297188755021182e+01
7.931726907630522128e+00;2.849511378848727645e+02;2.016560346469819187e+00;7.024715528781794660e+01
8.032128514056225299e+00;2.849494645247656877e+02;2.021088203059241639e+00;7.025133868808568138e+01
8.132530120481927582e+00;2.849477911646585540e+02;2.025560019547690160e+00;7.025552208835341617e+01
8.232931726907629866e+00;2.849461178045514771e+02;2.029977166180718218e+00;7.025970548862115095e+01
8.333333333333332149e+00;2.849444444444444002e+02;2.034340963554124748e+00;7.026388888888889994e+01
8.433734939759036209e+00;2.849427710843372665e+02;2.038652684984045838e+00;7.026807228915663472e+01
8.534136546184740268e+00;2.849410977242301897e+02;2.042913558737291524e+00;7.027225568942436951e+01
8.634538152610442552e+00;2.849394243641231128e+02;2.047124770131700799e+00;7.027643908969210429e+01
8.734939759036144835e+00;2.849377510040159791e+02;2.051287463515495624e+00;7.028062248995983907e+01
8.835341365461847118e+00;2.849360776439089022e+02;2.055402744133904669e+00;7.028480589022758807e+01
8.935742971887549402e+00;2.849344042838018254e+02;2.059471679890681806e+00;7.028898929049532285e+01
9.036144578313253461e+00;2.849327309236946917e+02;2.063495303011531057e+00;7.029317269076305763e+01
9.136546184738955745e+00;2.849310575635876148e+02;2.067474611615930158e+00;7.029735609103079241e+01
9.236947791164658028e+00;2.849293842034805380e+02;2.071410571203335049e+00;7.030153949129852720e+01
9.337349397590362088e+00;2.849277108433734043e+02;2.075304116059304427e+00;7.030572289156627619e+01
9.437751004016064371e+00;2.849260374832663274e+02;2.079156150586659813e+00;7.030990629183401097e+01
9.538152610441766655e+00;2.849243641231592505e+02;2.082967550566441339e+00;7.031408969210174575e+01
9.638554216867468938e+00;2.849226907630521168e+02;2.086739164353038856e+00;7.031827309236948054e+01
9.738955823293171221e+00;2.849210174029450400e+02;2.090471814007591966e+00;7.032245649263721532e+01
9.839357429718875281e+00;2.849193440428379631e+02;2.094166296373438652e+00;7.032663989290496431e+01
9.939759036144579341e+00;2.849176706827308294e+02;2.097823384097135424e+00;7.033082329317269910e+01
1.004016064257028162e+01;2.849159973226237526e+02;2.101443826598321962e+00;7.033500669344043388e+01
1.014056224899598391e+01;2.849143239625166757e+02;2.105028350991474451e+00;7.033919009370816866e+01
1.024096385542168619e+01;2.849126506024095988e+02;2.108577662962380472e+00;7.034337349397590344e+01
1.034136546184738847e+01;2.849109772423024651e+02;2.112092447601985779e+00;7.034755689424365244e+01
1.044176706827309253e+01;2.849093038821953883e+02;2.115573370200068748e+00;7.035174029451138722e+01
1.054216867469879482e+01;2.849076305220883114e+02;2.119021077001047804e+00;7.035592369477912200e+01
1.064257028112449710e+01;2.849059571619811777e+02;2.122436195924069846e+00;7.036010709504685678e+01
1.074297188755020116e+01;2.849042838018741008e+02;2.125819337249382102e+00;7.036429049531459157e+01
1.084337349397590344e+01;2.849026104417670240e+02;2.129171094272869436e+00;7.036847389558234056e+01
1.094377510040160573e+01;2.849009370816598903e+02;2.132492043930505510e+00;7.037265729585007534e+01
1.104417670682730979e+01;2.848992637215528134e+02;2.135782747394372461e+00;7.037684069611781013e+01
1.114457831325301207e+01;2.848975903614457366e+02;2.139043750641780317e+00;7.038102409638554491e+01
1.124497991967871435e+01;2.848959170013386029e+02;2.142275584998931670e+00;7.038520749665327969e+01
1.134538152610441841e+01;2.848942436412315260e+02;2.145478767660487840e+00;7.038939089692102868e+01
1.144578313253012070e+01;2.848925702811244491e+02;2.148653802186303530e+00;7.039357429718876347e+01
1.154618473895582298e+01;2.848908969210173154e+02;2.151801178976530338e+00;7.039775769745649825e+01
1.164658634538152526e+01;2.848892235609102386e+02;2.154921375726201127e+00;7.040194109772423303e+01
1.174698795180722755e+01;2.848875502008031617e+02;2.158014857860353075e+00;7.040612449799196781e+01
1.184738955823293161e+01;2.848858768406960280e+02;2.161082078950686380e+00;7.041030789825971681e+01
1.194779116465863567e+01;2.848842034805889512e+02;2.164123481114681002e+00;7.041449129852745159e+01
1.204819277108433795e+01;2.848825301204818743e+02;2.167139495398054283e+00;7.041867469879518637e+01
1.214859437751004023e+01;2.848808567603747406e+02;2.170130542141393892e+00;7.042285809906292116e+01
1.224899598393574252e+01;2.848791834002676637e+02;2.173097031331731266e+00;7.042704149933065594e+01
1.234939759036144480e+01;2.848775100401605869e+02;2.176039362939807376e+00;7.043122489959840493e+01
1.244979919678714886e+01;2.848758366800535100e+02;2.178957927243712067e+00;7.043540829986613971e+01
1.255020080321285114e+01;2.848741633199463763e+02;2.181853105139556437e+00;7.043959170013387450e+01
1.265060240963855342e+01;2.848724899598392994e+02;2.184725268439797308e+00;7.044377510040160928e+01
1.275100401606425748e+01;2.848708165997322226e+02;2.187574780159800003e+00;7.044795850066934406e+01
1.285140562248995977e+01;2.848691432396250889e+02;2.190401994793185647e+00;7.045214190093709306e+01
1.295180722891566205e+01;2.848674698795180120e+02;2.193207258576492347e+00;7.045632530120482784e+01
1.305220883534136611e+01;2.848657965194109352e+02;2.195990909743637420e+00;7.046050870147256262e+01
1.315261044176706839e+01;2.848641231593038015e+02;2.198753278770657626e+00;7.046469210174029740e+01
1.325301204819277068e+01;2.848624497991967246e+02;2.201494688611156825e+00;7.046887550200803219e+01
1.335341365461847474e+01;2.848607764390896477e+02;2.204215454922895390e+00;7.047305890227578118e+01
1.345381526104417702e+01;2.848591030789825140e+02;2.206915886285909512e+00;7.047724230254351596e+01
1.355421686746987930e+01;2.848574297188754372e+02;2.209596284412537415e+00;7.048142570281125074e+01
1.365461847389558159e+01;2.848557563587683603e+02;2.212256944349716203e+00;7.048560910307898553e+01
1.375502008032128387e+01;2.848540829986612266e+02;2.214898154673882402e+00;7.048979250334672031e+01
1.385542168674698793e+01;2.848524096385541498e+02;2.217520197678799931e+00;7.049397590361446930e+01
1.395582329317269199e+01;2.848507362784470729e+02;2.220123349556622383e+00;7.049815930388220409e+01
1.405622489959839427e+01;2.848490629183399392e+02;2.222707880572482253e+00;7.050234270414993887e+01
1.415662650602409656e+01;2.848473895582328623e+02;2.225274055232872694e+00;7.050652610441767365e+01
1.425702811244979884e+01;2.848457161981257855e+02;2.227822132448099346e+00;7.051070950468540843e+01
1.435742971887550112e+01;2.848440428380186518e+02;2.230352365689040273e+00;7.051489290495315743e+01
1.445783132530120518e+01;2.848423694779115749e+02;2.232865003138456483e+00;7.051907630522089221e+01
1.455823293172690747e+01;2.848406961178044980e+02;2.235360287837074633e+00;7.052325970548862699e+01
1.465863453815260975e+01;2.848390227576974212e+02;2.237838457824661731e+00;7.052744310575636177e+01
1.475903614457831381e+01;2.848373493975902875e+02;2.240299746276298798e+00;7.053162650602409656e+01
1.485943775100401609e+01;2.848356760374832106e+02;2.242744381634036444e+00;7.053580990629184555e+01
1.495983935742971838e+01;2.848340026773761338e+02;2.245172587734130865e+00;7.053999330655958033e+01
1.506024096385542244e+01;2.848323293172690001e+02;2.247584583930034796e+00;7.054417670682731512e+01
1.516064257028112472e+01;2.848306559571619232e+02;2.249980585211304174e+00;7.054836010709504990e+01
1.526104417670682700e+01;2.848289825970548463e+02;2.252360802318595479e+00;7.055254350736278468e+01
1.536144578313253106e+01;2.848273092369477126e+02;2.254725441854893209e+00;7.055672690763053367e+01
1.546184738955823335e+01;2.848256358768406358e+02;2.257074706393127794e+00;7.056091030789826846e+01
1.556224899598393563e+01;2.848239625167335589e+02;2.259408794580309188e+00;7.056509370816600324e+01
1.566265060240963791e+01;2.848222891566264252e+02;2.261727901238329785e+00;7.056927710843373802e+01
1.576305220883534020e+01;2.848206157965193484e+02;2.264032217461539265e+00;7.057346050870147280e+01
1.586345381526104426e+01;2.848189424364122715e+02;2.266321930711240995e+00;7.057764390896922180e+01
1.596385542168674831e+01;2.848172690763051378e+02;2.268597224907201504e+00;7.058182730923695658e+01
1.606425702811245060e+01;2.848155957161980609e+02;2.270858280516306671e+00;7.058601070950469136e+01
1.616465863453815288e+01;2.848139223560909841e+02;2.273105274638451245e+00;7.059019410977242615e+01
1.626506024096385516e+01;2.848122489959838504e+02;2.275338381089784701e+00;7.059437751004016093e+01
1.636546184738955745e+01;2.848105756358767735e+02;2.277557770483389366e+00;7.059856091030790992e+01
1.646586345381525973e+01;2.848089022757696966e+02;2.279763610307505406e+00;7.060274431057564470e+01
1.656626506024096557e+01;2.848072289156625629e+02;2.281956065001376377e+00;7.060692771084337949e+01
1.666666666666666785e+01;2.848055555555554861e+02;2.284135296028808604e+00;7.061111111111111427e+01
1.676706827309237013e+01;2.848038821954484092e+02;2.286301461949526992e+00;7.061529451137884905e+01
1.686746987951807242e+01;2.848022088353413324e+02;2.288454718488406314e+00;7.061947791164659805e+01
1.696787148594377470e+01;2.848005354752341987e+02;2.290595218602644145e+00;7.062366131191433283e+01
1.706827309236947698e+01;2.847988621151271218e+02;2.292723112546965147e+00;7.062784471218206761e+01
1.716867469879517927e+01;2.847971887550200449e+02;2.294838547936909556e+00;7.063202811244980239e+01
1.726907630522088510e+01;2.847955153949129112e+02;2.296941669810283138e+00;7.063621151271753718e+01
1.736947791164658739e+01;2.847938420348058344e+02;2.299032620686828565e+00;7.064039491298528617e+01
1.746987951807228967e+01;2.847921686746987575e+02;2.301111540626179952e+00;7.064457831325302095e+01
1.757028112449799195e+01;2.847904953145916238e+02;2.303178567284159595e+00;7.064876171352075573e+01
1.767068273092369424e+01;2.847888219544845469e+02;2.305233835967471112e+00;7.065294511378849052e+01
1.777108433734939652e+01;2.847871485943774701e+02;2.307277479686850263e+00;7.065712851405622530e+01
1.787148594377509880e+01;2.847854752342703364e+02;2.309309629208718295e+00;7.066131191432396008e+01
1.797188755020080464e+01;2.847838018741632595e+02;2.311330413105391557e+00;7.066549531459170908e+01
1.807228915662650692e+01;2.847821285140561827e+02;2.313339957803893565e+00;7.066967871485944386e+01
1.817269076305220921e+01;2.847804551539490490e+02;2.315338387633419703e+00;7.067386211512717864e+01
1.827309236947791149e+01;2.847787817938419721e+02;2.317325824871492301e+00;7.067804551539491342e+01
1.837349397590361377e+01;2.847771084337348952e+02;2.319302389788859831e+00;7.068222891566264821e+01
1.847389558232931606e+01;2.847754350736277615e+02;2.321268200693166417e+00;7.068641231593039720e+01
1.857429718875501834e+01;2.847737617135206847e+02;2.323223373971448513e+00;7.069059571619813198e+01
1.867469879518072418e+01;2.847720883534136078e+02;2.325168024131479161e+00;7.069477911646586676e+01
1.877510040160642646e+01;2.847704149933064741e+02;2.327102263842013130e+00;7.069896251673360155e+01
1.887550200803212874e+01;2.847687416331993973e+02;2.329026203971954256e+00;7.070314591700133633e+01
1.897590361445783103e+01;2.847670682730923204e+02;2.330939953628493377e+00;7.070732931726908532e+01
1.907630522088353331e+01;2.847653949129852435e+02;2.332843620194232859e+00;7.071151271753682011e+01
1.917670682730923559e+01;2.847637215528781098e+02;2.334737309363341673e+00;7.071569611780455489e+01
1.927710843373493788e+01;2.847620481927710330e+02;2.336621125176771230e+00;7.071987951807228967e+01
1.937751004016064371e+01;2.847603748326639561e+02;2.338495170056554162e+00;7.072406291834002445e+01
1.947791164658634600e+01;2.847587014725568224e+02;2.340359544839217598e+00;7.072824631860777345e+01
1.957831325301204828e+01;2.847570281124497455e+02;2.342214348808341562e+00;7.073242971887550823e+01
1.967871485943775056e+01;2.847553547523426687e+02;2.344059679726285594e+00;7.073661311914324301e+01
1.977911646586345285e+01;2.847536813922355350e+02;2.345895633865106245e+00;7.074079651941097779e+01
1.987951807228915513e+01;2.847520080321284581e+02;2.347722306036696960e+00;7.074497991967871258e+01
1.997991967871485741e+01;2.847503346720213813e+02;2.349539789622167252e+00;7.074916331994646157e+01
2.008032128514056325e+01;2.847486613119142476e+02;2.351348176600486894e+00;7.075334672021419635e+01
2.018072289156626553e+01;2.847469879518071707e+02;2.353147557576418691e+00;7.075753012048193114e+01
2.028112449799196781e+01;2.847453145917000938e+02;2.354938021807758464e+00;7.076171352074966592e+01
2.038152610441767010e+01;2.847436412315929601e+02;2.356719657231900467e+00;7.076589692101740070e+01
2.048192771084337238e+01;2.847419678714858833e+02;2.358492550491755768e+00;7.077008032128514969e+01
2.058232931726907822e+01;2.847402945113788064e+02;2.360256786961032915e+00;7.077426372155288448e+01
2.068273092369478050e+01;2.847386211512716727e+02;2.362012450768911087e+00;7.077844712182061926e+01
2.078313253012048278e+01;2.847369477911645959e+02;2.363759624824108396e+00;7.078263052208835404e+01
2.088353413654618507e+01;2.847352744310575190e+02;2.365498390838377318e+00;7.078681392235608882e+01
2.098393574297188735e+01;2.847336010709503853e+02;2.367228829349435237e+00;7.079099732262383782e+01
2.108433734939758963e+01;2.847319277108433084e+02;2.368951019743348763e+00;7.079518072289157260e+01
2.118473895582329192e+01;2.847302543507362316e+02;2.370665040276386915e+00;7.079936412315930738e+01
2.128514056224899420e+01;2.847285809906291547e+02;2.372370968096356947e+00;7.080354752342704217e+01
2.138554216867469648e+01;2.847269076305220210e+02;2.374068879263445009e+00;7.080773092369477695e+01
2.148594377510040232e+01;2.847252342704149441e+02;2.375758848770558096e+00;7.081191432396252594e+01
2.158634538152610460e+01;2.847235609103078673e+02;2.377440950563204591e+00;7.081609772423026072e+01
2.168674698795180689e+01;2.847218875502007336e+02;2.379115257558907182e+00;7.082028112449799551e+01
2.178714859437750917e+01;2.847202141900936567e+02;2.380781841666168575e+00;7.082446452476573029e+01
2.188755020080321145e+01;2.847185408299865799e+02;2.382440773803005118e+00;7.082864792503346507e+01
2.198795180722891729e+01;2.847168674698794462e+02;2.384092123915050987e+00;7.083283132530121406e+01
2.208835341365461957e+01;2.847151941097723693e+02;2.385735960993259130e+00;7.083701472556894885e+01
2.218875502008032186e+01;2.847135207496652924e+02;2.387372353091192778e+00;7.084119812583668363e+01
2.228915662650602414e+01;2.847118473895581587e+02;2.389001367341931026e+00;7.084538152610441841e+01
2.238955823293172642e+01;2.847101740294510819e+02;2.390623069974596948e+00;7.084956492637215320e+01
2.248995983935742871e+01;2.847085006693440050e+02;2.392237526330512232e+00;7.085374832663990219e+01
2.259036144578313099e+01;2.847068273092368713e+02;2.393844800878996093e+00;7.085793172690763697e+01
2.269076305220883683e+01;2.847051539491297945e+02;2.395444957232811589e+00;7.086211512717537175e+01
2.279116465863453911e+01;2.847034805890227176e+02;2.397038058163273977e+00;7.086629852744310654e+01
2.289156626506024139e+01;2.847018072289155839e+02;2.398624165615023784e+00;7.087048192771084132e+01
2.299196787148594368e+01;2.847001338688085070e+02;2.400203340720482803e+00;7.087466532797859031e+01
2.309236947791164596e+01;2.846984605087014302e+02;2.401775643813987227e+00;7.087884872824632509e+01
2.319277108433734824e+01;2.846967871485942965e+02;2.403341134445627247e+00;7.088303212851405988e+01
2.329317269076305053e+01;2.846951137884872196e+02;2.404899871394770461e+00;7.088721552878179466e+01
2.339357429718875636e+01;2.846934404283801427e+02;2.406451912683313044e+00;7.089139892904952944e+01
2.349397590361445864e+01;2.846917670682730659e+02;2.407997315588634724e+00;7.089558232931727844e+01
2.359437751004016093e+01;2.846900937081659322e+02;2.409536136656283745e+00;7.089976572958501322e+01
2.369477911646586321e+01;2.846884203480588553e+02;2.411068431712392268e+00;7.090394912985274800e+01
2.379518072289156549e+01;2.846867469879517785e+02;2.412594255875826210e+00;7.090813253012048278e+01
2.389558232931726778e+01;2.846850736278446448e+02;2.414113663570085055e+00;7.091231593038821757e+01
2.399598393574297006e+01;2.846834002677375679e+02;2.415626708534948097e+00;7.091649933065596656e+01
2.409638554216867590e+01;2.846817269076304910e+02;2.417133443837880868e+00;7.092068273092370134e+01
2.419678714859437818e+01;2.846800535475233573e+02;2.418633921885199989e+00;7.092486613119143612e+01
2.429718875502008046e+01;2.846783801874162805e+02;2.420128194433015523e+00;7.092904953145917091e+01
2.439759036144578275e+01;2.846767068273092036e+02;2.421616312597937526e+00;7.093323293172690569e+01
2.449799196787148503e+01;2.846750334672020699e+02;2.423098326867572982e+00;7.093741633199465468e+01
2.459839357429719087e+01;2.846733601070949931e+02;2.424574287110800697e+00;7.094159973226238947e+01
2.469879518072289315e+01;2.846716867469879162e+02;2.426044242587840127e+00;7.094578313253012425e+01
2.479919678714859543e+01;2.846700133868807825e+02;2.427508241960120383e+00;7.094996653279785903e+01
2.489959839357429772e+01;2.846683400267737056e+02;2.428966333299939162e+00;7.095414993306559381e+01
2.500000000000000000e+01;2.846666666666666288e+02;2.430418564099942724e+00;7.095833333333334281e+01
2.510040160642570228e+01;2.846649933065594951e+02;2.431864981282400251e+00;7.096251673360107759e+01
2.520080321285140457e+01;2.846633199464524182e+02;2.433305631208304565e+00;7.096670013386881237e+01
2.530120481927710685e+01;2.846616465863453413e+02;2.434740559686288552e+00;7.097088353413654715e+01
2.540160642570280913e+01;2.846599732262382076e+02;2.436169811981365729e+00;7.097506693440428194e+01
2.550200803212851497e+01;2.846582998661311308e+02;2.437593432823494499e+00;7.097925033467203093e+01
2.560240963855421725e+01;2.846566265060240539e+02;2.439011466415981211e+00;7.098343373493976571e+01
2.570281124497991954e+01;2.846549531459169771e+02;2.440423956443715348e+00;7.098761713520750050e+01
2.580321285140562182e+01;2.846532797858098434e+02;2.441830946081243070e+00;7.099180053547523528e+01
2.590361445783132410e+01;2.846516064257027665e+02;2.443232478000686214e+00;7.099598393574297006e+01
2.600401606425702994e+01;2.846499330655956896e+02;2.444628594379509412e+00;7.100016733601071905e+01
2.610441767068273222e+01;2.846482597054885559e+02;2.446019336908134445e+00;7.100435073627845384e+01
2.620481927710843451e+01;2.846465863453814791e+02;2.447404746797410269e+00;7.100853413654618862e+01
2.630522088353413679e+01;2.846449129852744022e+02;2.448784864785941817e+00;7.101271753681392340e+01
2.640562248995983907e+01;2.846432396251672685e+02;2.450159731147275366e+00;7.101690093708165818e+01
2.650602409638554136e+01;2.846415662650601917e+02;2.451529385696954666e+00;7.102108433734940718e+01
2.660642570281124364e+01;2.846398929049531148e+02;2.452893867799434524e+00;7.102526773761714196e+01
2.670682730923694592e+01;2.846382195448459811e+02;2.454253216374872260e+00;7.102945113788487674e+01
2.680722891566264821e+01;2.846365461847389042e+02;2.455607469905789042e+00;7.103363453815261153e+01
2.690763052208835404e+01;2.846348728246318274e+02;2.456956666443604220e+00;7.103781793842034631e+01
2.700803212851405632e+01;2.846331994645246937e+02;2.458300843615054632e+00;7.104200133868809530e+01
2.710843373493975861e+01;2.846315261044176168e+02;2.459640038628485570e+00;7.104618473895583008e+01
2.720883534136546089e+01;2.846298527443105399e+02;2.460974288280036060e+00;7.105036813922356487e+01
2.730923694779116317e+01;2.846281793842034062e+02;2.462303628959703339e+00;7.105455153949129965e+01
2.740963855421686901e+01;2.846265060240963294e+02;2.463628096657295430e+00;7.105873493975903443e+01
2.751004016064257129e+01;2.846248326639892525e+02;2.464947726968282904e+00;7.106291834002678343e+01
2.761044176706827358e+01;2.846231593038821188e+02;2.466262555099534293e+00;7.106710174029451821e+01
2.771084337349397586e+01;2.846214859437750420e+02;2.467572615874954689e+00;7.107128514056225299e+01
2.781124497991967814e+01;2.846198125836679651e+02;2.468877943741018210e+00;7.107546854082998777e+01
2.791164658634538043e+01;2.846181392235608882e+02;2.470178572772204539e+00;7.107965194109772256e+01
2.801204819277108271e+01;2.846164658634537545e+02;2.471474536676335099e+00;7.108383534136547155e+01
2.811244979919678855e+01;2.846147925033466777e+02;2.472765868799815081e+00;7.108801874163320633e+01
2.821285140562249083e+01;2.846131191432396008e+02;2.474052602132779555e+00;7.109220214190094111e+01
2.831325301204819311e+01;2.846114457831324671e+02;2.475334769314155636e+00;7.109638554216867590e+01
2.841365461847389540e+01;2.846097724230253903e+02;2.476612402636625188e+00;7.110056894243641068e+01
2.851405622489959768e+01;2.846080990629183134e+02;2.477885534051507133e+00;7.110475234270415967e+01
2.861445783132529996e+01;2.846064257028111797e+02;2.479154195173552733e+00;7.110893574297189446e+01
2.871485943775100225e+01;2.846047523427041028e+02;2.480418417285654265e+00;7.111311914323962924e+01
2.881526104417670808e+01;2.846030789825970260e+02;2.481678231343473762e+00;7.111730254350736402e+01
2.891566265060241037e+01;2.846014056224898923e+02;2.482933667979993597e+00;7.112148594377509880e+01
2.901606425702811265e+01;2.845997322623828154e+02;2.484184757509982688e+00;7.112566934404284780e+01
2.911646586345381493e+01;2.845980589022757385e+02;2.485431529934389427e+00;7.112985274431058258e+01
2.921686746987951722e+01;2.845963855421686048e+02;2.486674014944660005e+00;7.113403614457831736e+01
2.931726907630521950e+01;2.845947121820615280e+02;2.487912241926979462e+00;7.113821954484605214e+01
2.941767068273092178e+01;2.845930388219544511e+02;2.489146239966443019e+00;7.114240294511378693e+01
2.951807228915662762e+01;2.845913654618473174e+02;2.490376037851153246e+00;7.114658634538153592e+01
2.961847389558232990e+01;2.845896921017402406e+02;2.491601664076253275e+00;7.115076974564927070e+01
2.971887550200803219e+01;2.845880187416331637e+02;2.492823146847884530e+00;7.115495314591700549e+01
2.981927710843373447e+01;2.845863453815260300e+02;2.494040514087086713e+00;7.115913654618474027e+01
2.991967871485943675e+01;2.845846720214189531e+02;2.495253793433620526e+00;7.116331994645247505e+01
3.002008032128514259e+01;2.845829986613118763e+02;2.496463012249740654e+00;7.116750334672022404e+01
3.012048192771084487e+01;2.845813253012047994e+02;2.497668197623891029e+00;7.117168674698795883e+01
3.022088353413654715e+01;2.845796519410976657e+02;2.498869376374352580e+00;7.117587014725569361e+01
3.032128514056224944e+01;2.845779785809905889e+02;2.500066575052818152e+00;7.118005354752342839e+01
3.042168674698795172e+01;2.845763052208835120e+02;2.501259819947919016e+00;7.118423694779116317e+01
3.052208835341365400e+01;2.845746318607763783e+02;2.502449137088686104e+00;7.118842034805891217e+01
3.062248995983935629e+01;2.845729585006693014e+02;2.503634552247955725e+00;7.119260374832664695e+01
3.072289156626505857e+01;2.845712851405622246e+02;2.504816090945723328e+00;7.119678714859438173e+01
3.082329317269076085e+01;2.845696117804550909e+02;2.505993778452439980e+00;7.120097054886211652e+01
3.092369477911646669e+01;2.845679384203480140e+02;2.507167639792251101e+00;7.120515394912985130e+01
3.102409638554216897e+01;2.845662650602409371e+02;2.508337699746193028e+00;7.120933734939760029e+01
3.112449799196787126e+01;2.845645917001338034e+02;2.509503982855326942e+00;7.121352074966533507e+01
3.122489959839357354e+01;2.845629183400267266e+02;2.510666513423831514e+00;7.121770414993306986e+01
3.132530120481927582e+01;2.845612449799196497e+02;2.511825315522038249e+00;7.122188755020080464e+01
3.142570281124498166e+01;2.845595716198125160e+02;2.512980412989423762e+00;7.122607095046853942e+01
3.152610441767068394e+01;2.845578982597054392e+02;2.514131829437552312e+00;7.123025435073628842e+01
3.162650602409638623e+01;2.845562248995983623e+02;2.515279588252971710e+00;7.123443775100402320e+01
3.172690763052208851e+01;2.845545515394912286e+02;2.516423712600063034e+00;7.123862115127175798e+01
3.182730923694779079e+01;2.845528781793841517e+02;2.517564225423846835e+00;7.124280455153949276e+01
3.192771084337349308e+01;2.845512048192770749e+02;2.518701149452742261e+00;7.124698795180722755e+01
3.202811244979919536e+01;2.845495314591699412e+02;2.519834507201287099e+00;7.125117135207497654e+01
3.212851405622490120e+01;2.845478580990628643e+02;2.520964320972811645e+00;7.125535475234271132e+01
3.222891566265060703e+01;2.845461847389557875e+02;2.522090612862071257e+00;7.125953815261044610e+01
3.232931726907630576e+01;2.845445113788487106e+02;2.523213404757841616e+00;7.126372155287818089e+01
3.242971887550200449e+01;2.845428380187415769e+02;2.524332718345470017e+00;7.126790495314591567e+01
3.253012048192771033e+01;2.845411646586345000e+02;2.525448575109386251e+00;7.127208835341366466e+01
3.263052208835341617e+01;2.845394912985274232e+02;2.526560996335580178e+00;7.127627175368139945e+01
3.273092369477911490e+01;2.845378179384202895e+02;2.527670003114037112e+00;7.128045515394913423e+01
3.283132530120481363e+01;2.845361445783132126e+02;2.528775616341134569e+00;7.128463855421686901e+01
3.293172690763051946e+01;2.845344712182061357e+02;2.529877856722007934e+00;7.128882195448460379e+01
3.303212851405622530e+01;2.845327978580990020e+02;2.530976744772877929e+00;7.129300535475235279e+01
3.313253012048192403e+01;2.845311244979919252e+02;2.532072300823335897e+00;7.129718875502008757e+01
3.323293172690762987e+01;2.845294511378848483e+02;2.533164545018607328e+00;7.130137215528782235e+01
3.333333333333333570e+01;2.845277777777777146e+02;2.534253497321769188e+00;7.130555555555555713e+01
3.343373493975903443e+01;2.845261044176706378e+02;2.535339177515945064e+00;7.130973895582329192e+01
3.353413654618474027e+01;2.845244310575635609e+02;2.536421605206455432e+00;7.131392235609104091e+01
3.363453815261044610e+01;2.845227576974564272e+02;2.537500799822944408e+00;7.131810575635877569e+01
3.373493975903614484e+01;2.845210843373493503e+02;2.538576780621475404e+00;7.132228915662651048e+01
3.383534136546184357e+01;2.845194109772422735e+02;2.539649566686587256e+00;7.132647255689424526e+01
3.393574297188754940e+01;2.845177376171351398e+02;2.540719176933329049e+00;7.133065595716198004e+01
3.403614457831325524e+01;2.845160642570280629e+02;2.541785630109260286e+00;7.133483935742972903e+01
3.413654618473895397e+01;2.845143908969209861e+02;2.542848944796422650e+00;7.133902275769746382e+01
3.423694779116465270e+01;2.845127175368138523e+02;2.543909139413281562e+00;7.134320615796519860e+01
3.433734939759035854e+01;2.845110441767067755e+02;2.544966232216641977e+00;7.134738955823293338e+01
3.443775100401606437e+01;2.845093708165996986e+02;2.546020241303534437e+00;7.135157295850066816e+01
3.453815261044177021e+01;2.845076974564926218e+02;2.547071184613073136e+00;7.135575635876841716e+01
3.463855421686747604e+01;2.845060240963854881e+02;2.548119079928288677e+00;7.135993975903615194e+01
3.473895582329317477e+01;2.845043507362784112e+02;2.549163944877933297e+00;7.136412315930388672e+01
3.483935742971887350e+01;2.845026773761713343e+02;2.550205796938260772e+00;7.136830655957162151e+01
3.493975903614457934e+01;2.845010040160642006e+02;2.551244653434780574e+00;7.137248995983935629e+01
3.504016064257028518e+01;2.844993306559571238e+02;2.552280531543984043e+00;7.137667336010710528e+01
3.514056224899598391e+01;2.844976572958500469e+02;2.553313448295051913e+00;7.138085676037484006e+01
3.524096385542168264e+01;2.844959839357429132e+02;2.554343420571532075e+00;7.138504016064257485e+01
3.534136546184738847e+01;2.844943105756358364e+02;2.555370465112995593e+00;7.138922356091030963e+01
3.544176706827309431e+01;2.844926372155287595e+02;2.556394598516670058e+00;7.139340696117804441e+01
3.554216867469879304e+01;2.844909638554216258e+02;2.557415837239047640e+00;7.139759036144579341e+01
3.564257028112449177e+01;2.844892904953145489e+02;2.558434197597472259e+00;7.140177376171352819e+01
3.574297188755019761e+01;2.844876171352074721e+02;2.559449695771704558e+00;7.140595716198126297e+01
3.584337349397590344e+01;2.844859437751003384e+02;2.560462347805463779e+00;7.141014056224899775e+01
3.594377510040160928e+01;2.844842704149932615e+02;2.561472169607947436e+00;7.141432396251673254e+01
3.604417670682731512e+01;2.844825970548861847e+02;2.562479176955333671e+00;7.141850736278448153e+01
3.614457831325301385e+01;2.844809236947790509e+02;2.563483385492257405e+00;7.142269076305221631e+01
3.624497991967871258e+01;2.844792503346719741e+02;2.564484810733271836e+00;7.142687416331995109e+01
3.634538152610441841e+01;2.844775769745648972e+02;2.565483468064281958e+00;7.143105756358768588e+01
3.644578313253012425e+01;2.844759036144577635e+02;2.566479372743968312e+00;7.143524096385542066e+01
3.654618473895582298e+01;2.844742302543506867e+02;2.567472539905180984e+00;7.143942436412316965e+01
3.664658634538152171e+01;2.844725568942436098e+02;2.568462984556322493e+00;7.144360776439090444e+01
3.674698795180722755e+01;2.844708835341365329e+02;2.569450721582708930e+00;7.144779116465863922e+01
3.684738955823293338e+01;2.844692101740293992e+02;2.570435765747909329e+00;7.145197456492637400e+01
3.694779116465863211e+01;2.844675368139223224e+02;2.571418131695071274e+00;7.145615796519410878e+01
3.704819277108433084e+01;2.844658634538152455e+02;2.572397833948228740e+00;7.146034136546185778e+01
3.714859437751003668e+01;2.844641900937081118e+02;2.573374886913587734e+00;7.146452476572959256e+01
3.724899598393574252e+01;2.844625167336010350e+02;2.574349304880797717e+00;7.146870816599732734e+01
3.734939759036144835e+01;2.844608433734939581e+02;2.575321102024208830e+00;7.147289156626506212e+01
3.744979919678715419e+01;2.844591700133868244e+02;2.576290292404105120e+00;7.147707496653279691e+01
3.755020080321285292e+01;2.844574966532797475e+02;2.577256889967925346e+00;7.148125836680054590e+01
3.765060240963855165e+01;2.844558232931726707e+02;2.578220908551471346e+00;7.148544176706828068e+01
3.775100401606425748e+01;2.844541499330655370e+02;2.579182361880091534e+00;7.148962516733601547e+01
3.785140562248996332e+01;2.844524765729584601e+02;2.580141263569856847e+00;7.149380856760375025e+01
3.795180722891566205e+01;2.844508032128513833e+02;2.581097627128714489e+00;7.149799196787148503e+01
3.805220883534136078e+01;2.844491298527442495e+02;2.582051465957633241e+00;7.150217536813923402e+01
3.815261044176706662e+01;2.844474564926371727e+02;2.583002793351727888e+00;7.150635876840696881e+01
3.825301204819277245e+01;2.844457831325300958e+02;2.583951622501372114e+00;7.151054216867470359e+01
3.835341365461847118e+01;2.844441097724229621e+02;2.584897966493294508e+00;7.151472556894243837e+01
3.845381526104416992e+01;2.844424364123158853e+02;2.585841838311663032e+00;7.151890896921017315e+01
3.855421686746987575e+01;2.844407630522088084e+02;2.586783250839154391e+00;7.152309236947792215e+01
3.865461847389558159e+01;2.844390896921016747e+02;2.587722216858006519e+00;7.152727576974565693e+01
3.875502008032128742e+01;2.844374163319945978e+02;2.588658749051062191e+00;7.153145917001339171e+01
3.885542168674699326e+01;2.844357429718875210e+02;2.589592860002796204e+00;7.153564257028112650e+01
3.895582329317269199e+01;2.844340696117804441e+02;2.590524562200330116e+00;7.153982597054886128e+01
3.905622489959839072e+01;2.844323962516733104e+02;2.591453868034433672e+00;7.154400937081661027e+01
3.915662650602409656e+01;2.844307228915662336e+02;2.592380789800513785e+00;7.154819277108434505e+01
3.925702811244980239e+01;2.844290495314591567e+02;2.593305339699588874e+00;7.155237617135207984e+01
3.935742971887550112e+01;2.844273761713520230e+02;2.594227529839257862e+00;7.155655957161981462e+01
3.945783132530119985e+01;2.844257028112449461e+02;2.595147372234642535e+00;7.156074297188754940e+01
3.955823293172690569e+01;2.844240294511378693e+02;2.596064878809336562e+00;7.156492637215529840e+01
3.965863453815261153e+01;2.844223560910307356e+02;2.596980061396326533e+00;7.156910977242303318e+01
3.975903614457831026e+01;2.844206827309236587e+02;2.597892931738907674e+00;7.157329317269076796e+01
3.985943775100401609e+01;2.844190093708165818e+02;2.598803501491592893e+00;7.157747657295850274e+01
3.995983935742972193e+01;2.844173360107094481e+02;2.599711782221000522e+00;7.158165997322623753e+01
4.006024096385542066e+01;2.844156626506023713e+02;2.600617785406738935e+00;7.158584337349398652e+01
4.016064257028112650e+01;2.844139892904952944e+02;2.601521522442274303e+00;7.159002677376172130e+01
4.026104417670683233e+01;2.844123159303881607e+02;2.602423004635793458e+00;7.159421017402945608e+01
4.036144578313253106e+01;2.844106425702810839e+02;2.603322243211050768e+00;7.159839357429719087e+01
4.046184738955822979e+01;2.844089692101740070e+02;2.604219249308206585e+00;7.160257697456492565e+01
4.056224899598393563e+01;2.844072958500668733e+02;2.605114033984657240e+00;7.160676037483267464e+01
4.066265060240964146e+01;2.844056224899597964e+02;2.606006608215850395e+00;7.161094377510040943e+01
4.076305220883534020e+01;2.844039491298527196e+02;2.606896982896094173e+00;7.161512717536814421e+01
4.086345381526103893e+01;2.844022757697455859e+02;2.607785168839355183e+00;7.161931057563587899e+01
4.096385542168674476e+01;2.844006024096385090e+02;2.608671176780046341e+00;7.162349397590361377e+01
4.106425702811245060e+01;2.843989290495314322e+02;2.609555017373804464e+00;7.162767737617136277e+01
4.116465863453814933e+01;2.843972556894243553e+02;2.610436701198260323e+00;7.163186077643909755e+01
4.126506024096385516e+01;2.843955823293172216e+02;2.611316238753797148e+00;7.163604417670683233e+01
4.136546184738956100e+01;2.843939089692101447e+02;2.612193640464302469e+00;7.164022757697456711e+01
4.146586345381525973e+01;2.843922356091030679e+02;2.613068916677907971e+00;7.164441097724230190e+01
4.156626506024096557e+01;2.843905622489959342e+02;2.613942077667721797e+00;7.164859437751005089e+01
4.166666666666667140e+01;2.843888888888888573e+02;2.614813133632553299e+00;7.165277777777778567e+01
4.176706827309237013e+01;2.843872155287817804e+02;2.615682094697627136e+00;7.165696117804552046e+01
4.186746987951806886e+01;2.843855421686746467e+02;2.616548970915288042e+00;7.166114457831325524e+01
4.196787148594377470e+01;2.843838688085675699e+02;2.617413772265701599e+00;7.166532797858099002e+01
4.206827309236948054e+01;2.843821954484604930e+02;2.618276508657539026e+00;7.166951137884873901e+01
4.216867469879517927e+01;2.843805220883533593e+02;2.619137189928665954e+00;7.167369477911647380e+01
4.226907630522087800e+01;2.843788487282462825e+02;2.619995825846805459e+00;7.167787817938420858e+01
4.236947791164658383e+01;2.843771753681392056e+02;2.620852426110213074e+00;7.168206157965194336e+01
4.246987951807228967e+01;2.843755020080320719e+02;2.621707000348326044e+00;7.168624497991967814e+01
4.257028112449798840e+01;2.843738286479249950e+02;2.622559558122419698e+00;7.169042838018742714e+01
4.267068273092369424e+01;2.843721552878179182e+02;2.623410108926242490e+00;7.169461178045516192e+01
4.277108433734940007e+01;2.843704819277107845e+02;2.624258662186656377e+00;7.169879518072289670e+01
4.287148594377509880e+01;2.843688085676037076e+02;2.625105227264259433e+00;7.170297858099063149e+01
4.297188755020080464e+01;2.843671352074966308e+02;2.625949813454007575e+00;7.170716198125836627e+01
4.307228915662651048e+01;2.843654618473894971e+02;2.626792429985827848e+00;7.171134538152611526e+01
4.317269076305220921e+01;2.843637884872824202e+02;2.627633086025219722e+00;7.171552878179385004e+01
4.327309236947790794e+01;2.843621151271753433e+02;2.628471790673857722e+00;7.171971218206158483e+01
4.337349397590361377e+01;2.843604417670682665e+02;2.629308552970179402e+00;7.172389558232931961e+01
4.347389558232931961e+01;2.843587684069611328e+02;2.630143381889972432e+00;7.172807898259705439e+01
4.357429718875501834e+01;2.843570950468540559e+02;2.630976286346949244e+00;7.173226238286480339e+01
4.367469879518071707e+01;2.843554216867469790e+02;2.631807275193322138e+00;7.173644578313253817e+01
4.377510040160642291e+01;2.843537483266398453e+02;2.632636357220363710e+00;7.174062918340027295e+01
4.387550200803212874e+01;2.843520749665327685e+02;2.633463541158966859e+00;7.174481258366800773e+01
4.397590361445783458e+01;2.843504016064256916e+02;2.634288835680196783e+00;7.174899598393574252e+01
4.407630522088354041e+01;2.843487282463185579e+02;2.635112249395835438e+00;7.175317938420349151e+01
4.417670682730923915e+01;2.843470548862114811e+02;2.635933790858921100e+00;7.175736278447122629e+01
4.427710843373493788e+01;2.843453815261044042e+02;2.636753468564282610e+00;7.176154618473896107e+01
4.437751004016064371e+01;2.843437081659972705e+02;2.637571290949063396e+00;7.176572958500669586e+01
4.447791164658634955e+01;2.843420348058901936e+02;2.638387266393245500e+00;7.176991298527443064e+01
4.457831325301204828e+01;2.843403614457831168e+02;2.639201403220163833e+00;7.177409638554217963e+01
4.467871485943774701e+01;2.843386880856759831e+02;2.640013709697014654e+00;7.177827978580991442e+01
4.477911646586345285e+01;2.843370147255689062e+02;2.640824194035360506e+00;7.178246318607764920e+01
4.487951807228915868e+01;2.843353413654618294e+02;2.641632864391628477e+00;7.178664658634538398e+01
4.497991967871485741e+01;2.843336680053546957e+02;2.642439728867600923e+00;7.179082998661311876e+01
4.508032128514055614e+01;2.843319946452476188e+02;2.643244795510904854e+00;7.179501338688086776e+01
4.518072289156626198e+01;2.843303212851405419e+02;2.644048072315490661e+00;7.179919678714860254e+01
4.528112449799196781e+01;2.843286479250334082e+02;2.644849567222113063e+00;7.180338018741633732e+01
4.538152610441767365e+01;2.843269745649263314e+02;2.645649288118796072e+00;7.180756358768407210e+01
4.548192771084337949e+01;2.843253012048192545e+02;2.646447242841302394e+00;7.181174698795180689e+01
4.558232931726907822e+01;2.843236278447121776e+02;2.647243439173594837e+00;7.181593038821955588e+01
4.568273092369477695e+01;2.843219544846050439e+02;2.648037884848290169e+00;7.182011378848729066e+01
4.578313253012048278e+01;2.843202811244979671e+02;2.648830587547109428e+00;7.182429718875502545e+01
4.588353413654618862e+01;2.843186077643908902e+02;2.649621554901324672e+00;7.182848058902276023e+01
4.598393574297188735e+01;2.843169344042837565e+02;2.650410794492199518e+00;7.183266398929049501e+01
4.608433734939758608e+01;2.843152610441766797e+02;2.651198313851424793e+00;7.183684738955824400e+01
4.618473895582329192e+01;2.843135876840696028e+02;2.651984120461550187e+00;7.184103078982597879e+01
4.628514056224899775e+01;2.843119143239624691e+02;2.652768221756411915e+00;7.184521419009371357e+01
4.638554216867469648e+01;2.843102409638553922e+02;2.653550625121550155e+00;7.184939759036144835e+01
4.648594377510039521e+01;2.843085676037483154e+02;2.654331337894633158e+00;7.185358099062918313e+01
4.658634538152610105e+01;2.843068942436411817e+02;2.655110367365864921e+00;7.185776439089693213e+01
4.668674698795180689e+01;2.843052208835341048e+02;2.655887720778395966e+00;7.186194779116466691e+01
4.678714859437751272e+01;2.843035475234270280e+02;2.656663405328726579e+00;7.186613119143240169e+01
4.688755020080321856e+01;2.843018741633198943e+02;2.657437428167106930e+00;7.187031459170013648e+01
4.698795180722891729e+01;2.843002008032128174e+02;2.658209796397932756e+00;7.187449799196787126e+01
4.708835341365461602e+01;2.842985274431057405e+02;2.658980517080135719e+00;7.187868139223562025e+01
4.718875502008032186e+01;2.842968540829986068e+02;2.659749597227571982e+00;7.188286479250335503e+01
4.728915662650602769e+01;2.842951807228915300e+02;2.660517043809404125e+00;7.188704819277108982e+01
4.738955823293172642e+01;2.842935073627844531e+02;2.661282863750479066e+00;7.189123159303882460e+01
4.748995983935742515e+01;2.842918340026773194e+02;2.662047063931705981e+00;7.189541499330655938e+01
4.759036144578313099e+01;2.842901606425702425e+02;2.662809651190423565e+00;7.189959839357430837e+01
4.769076305220883683e+01;2.842884872824631657e+02;2.663570632320769960e+00;7.190378179384204316e+01
4.779116465863453556e+01;2.842868139223560888e+02;2.664330014074046460e+00;7.190796519410977794e+01
4.789156626506023429e+01;2.842851405622489551e+02;2.665087803159071456e+00;7.191214859437751272e+01
4.799196787148594012e+01;2.842834672021418783e+02;2.665844006242544140e+00;7.191633199464524751e+01
4.809236947791164596e+01;2.842817938420348014e+02;2.666598629949389121e+00;7.192051539491299650e+01
4.819277108433735179e+01;2.842801204819276677e+02;2.667351680863109920e+00;7.192469879518073128e+01
4.829317269076305763e+01;2.842784471218205908e+02;2.668103165526130471e+00;7.192888219544846606e+01
4.839357429718875636e+01;2.842767737617135140e+02;2.668853090440137077e+00;7.193306559571620085e+01
4.849397590361445509e+01;2.842751004016063803e+02;2.669601462066416353e+00;7.193724899598393563e+01
4.859437751004016093e+01;2.842734270414993034e+02;2.670348286826189188e+00;7.194143239625168462e+01
4.869477911646586676e+01;2.842717536813922266e+02;2.671093571100940256e+00;7.194561579651941940e+01
4.879518072289156549e+01;2.842700803212850929e+02;2.671837321232746643e+00;7.194979919678715419e+01
4.889558232931726423e+01;2.842684069611780160e+02;2.672579543524600254e+00;7.195398259705488897e+01
4.899598393574297006e+01;2.842667336010709391e+02;2.673320244240730226e+00;7.195816599732262375e+01
4.909638554216867590e+01;2.842650602409638054e+02;2.674059429606917782e+00;7.196234939759037275e+01
4.919678714859437463e+01;2.842633868808567286e+02;2.674797105810811981e+00;7.196653279785810753e+01
4.929718875502008046e+01;2.842617135207496517e+02;2.675533279002239695e+00;7.197071619812584231e+01
4.939759036144578630e+01;2.842600401606425180e+02;2.676267955293514689e+00;7.197489959839357709e+01
4.949799196787148503e+01;2.842583668005354411e+02;2.677001140759738274e+00;7.197908299866131188e+01
4.959839357429719087e+01;2.842566934404283643e+02;2.677732841439105727e+00;7.198326639892906087e+01
4.969879518072289670e+01;2.842550200803212306e+02;2.678463063333201610e+00;7.198744979919679565e+01
4.979919678714859543e+01;2.842533467202141537e+02;2.679191812407295092e+00;7.199163319946453043e+01
4.989959839357429416e+01;2.842516733601070769e+02;2.679919094590633488e+00;7.199581659973226522e+01
5.000000000000000000e+01;2.842500000000000000e+02;2.680644915776731807e+00;7.200000000000000000e+01
